1.446e-06  195922  442.631
1.538e-06  3098  55.6597
1.63e-06  3199  56.5597
1.722e-06  3096  55.6417
1.814e-06  3251  57.0175
1.906e-06  2971  54.5069
1.998e-06  2940  54.2218
2.09e-06  3097  55.6507
2.182e-06  3083  55.5248
2.274e-06  54115  232.626
2.366e-06  94760  307.831
2.458e-06  80092  283.005
2.55e-06  124446  352.769
2.642e-06  88309  297.168
2.734e-06  87085  295.102
2.826e-06  21506  146.649
2.918e-06  3148  56.107
3.01e-06  3155  56.1694
3.102e-06  3090  55.5878
3.194e-06  3167  56.2761
3.286e-06  3208  56.6392
3.378e-06  3158  56.1961
3.47e-06  3183  56.4181
3.562e-06  3274  57.2189
3.654e-06  3063  55.3444
3.746e-06  3234  56.8683
3.838e-06  3130  55.9464
3.93e-06  3286  57.3236
4.022e-06  3299  57.4369
4.114e-06  3110  55.7674
4.206e-06  3248  56.9912
4.298e-06  3165  56.2583
4.39e-06  3151  56.1338
4.482e-06  3249  57
4.574e-06  3273  57.2101
4.666e-06  3269  57.1752
4.758e-06  3337  57.7668
4.85e-06  3263  57.1227
4.942e-06  3260  57.0964
5.034e-06  3309  57.5239
5.126e-06  3265  57.1402
5.218e-06  3281  57.28
5.31e-06  3437  58.6259
5.402e-06  3415  58.438
5.494e-06  3381  58.1464
5.586e-06  3539  59.4895
5.678e-06  3449  58.7282
5.77e-06  3373  58.0775
5.862e-06  3370  58.0517
5.954e-06  3509  59.2368
